Compiling & simulating cnn on amdpool ...
g++ COO_SpMV.cpp COO_SpMV_test.cpp -o COO_SpMV -lrt
./COO_SpMV
Testing COO SpMV

ROW
1 4 6 7 9 12 13 16 17 19 20 21 22 23 24 1 -1 -1 -1 -1 -1 -1 -1 -1 19 20 21 22 -1 24 1 -1 -1 -1 -1 -1 -1 -1 -1 -1 -1 -1 -1 -1 24 
ROW
0 1 2 3 4 5 6 8 9 12 13 14 19 21 22 23 24 -1 1 -1 3 4 5 6 8 9 -1 -1 14 -1 21 -1 23 -1 -1 1 -1 3 -1 -1 6 -1 9 -1 -1 14 -1 -1 -1 -1 -1 -1 -1 -1 3 -1 -1 -1 -1 9 
ROW
0 1 4 5 7 8 9 10 11 15 17 18 22 23 -1 1 -1 -1 7 -1 -1 10 -1 15 -1 -1 -1 23 -1 -1 -1 -1 -1 -1 -1 10 -1 15 -1 -1 -1 -1 -1 -1 -1 -1 -1 -1 -1 -1 -1 15 
ROW
1 5 7 9 10 13 14 15 16 20 21 22 -1 5 -1 9 -1 13 14 -1 -1 20 -1 -1 -1 -1 -1 9 -1 13 [32mPassed :)
[0m